[Source]
name = zjazdovka-chopok

[Bounds]
north = -1205339.9999
south = -1206873.9999
west = -384160.9999
east = -383067.9999
high = 1735.6600341796875
low = 1138.5699462890625

[Size]
height = 1605.2496477215582
width = 982.8017488225225
depth = 597.090087890625

[Model]
x_width = 982.649
y_height = 1605
z_depth = 596.997
scale_depth = 596.997
scale_factor = 1

[Heightmap]
width = 939
height = 1534

